Sref = 20.844790 
Cref = 4.758830 
Bref = 5.118900 
X_cg = 0.000000 
Y_cg = 0.000000 
Z_cg = 0.000000 
Mach = 0.100000, 0.200000
AoA = 1.000000, 10.000000 
Beta = 0.000000 
Vinf = 100.000000 
Rho = 0.002377 
ReCref = 10000000.000000 
ClMax = -1.000000 
MaxTurningAngle = -1.000000 
Symmetry = NO 
FarDist = -1.000000 
NumWakeNodes = 0 
WakeIters = 5 
NumberOfControlGroups = 0 
Preconditioner = Matrix 
Karman-Tsien Correction = N 
Stability Type = 0 
